296

,410100Οο1. 60, 114

81011111, 1111011, 97 n.

1416103100, 3010160, 280 n.

Aroden, 11060, 226, 227

Asel, 161101. 60, 32,-100 1101011

Aron', Rob. 60, 139 0.,-100 York
0011000

11100101, 1110 60, 102 ; Simon 60, 102

111100ογ, 262

6101011010, 10010101, Adam, 79

1411101600, conon 01 1101110100, 18

1410011, 6101101, 11010010, 1010 60, 11ος
11. 60, 269

6100160011331030, 10

1411106011, 0.,-000 301011ογ 0011000

11001010 (11101016), 111

Angor, Stephon, 238

1100101, 160

140001, 47

61100 (11006100), 96 n.

Aston (00.Υο111), 114

1111101013, 200

Aubony, Nic. 60, 14811.

Audebur', Audeburg,-oee Aldborough

Aug’, John do, 246

11031100, 10100, 19, 20, 37, 38

14011οο, 14001100, 16

1400310, 101060, 268

14001010, Simon 60, 226

1401110101, steph. 220

14101 (111111 Ena), 67

11011001, 1131010, 16, 9611.

Aycliffo, Aoleyo, Aclye, 98 0., 39 n.

(4310010024.

Ayrol, Tho, 46

1431111301. 60, 04, 96, 106 n.

Αω, 100

131111), Λ1100, 87 ; 11010101, 306-

00 , 87

3001001111, Rob. 60, 104

¹ 30000, Ηο0. 60, 291 ; 91111. 60, 120
30601013, Phil. 60, 69

3010100, 3010100, 32, 262

- 1100101, 1110, 32

3010000, 196 o.

30161106, 86

3011, 1. 60, 121

3001010031, 3001013, 11 n.

300001110, 3110001111, 142, 143

300100, (1111. 60, 76

301601191111, 104

30100110,1)1030 60, 284

3011100100, 3011110100, 30111, 133, 229

- Rob. 60, 186 0., 167 n.. 229, 230 n,
232 0,, 811 110160, 231 n. ς 111060,
167 n.

Bomby, probond 01, 69

30101] (3010010, 11. 11), 66

INDEX.

0

Barnoby (12 11), 212, 213

3010013·οροο-300, 10010101, 30006101,

3110116, 3110010131, 196, 196,

- 30111660, 196 11.; Ru. 60, 196 Ι.

30110113, 110101 (10, 229

3011101010οα0, 01011000, 193 11.; 111111111-
00101, 192 o.

301100 (N. R.), 26

Bal-ton, 00. 110110, 46

301100, John 60, 34

30001016, 3000101111 (00. 110110), 47,

- 1101101, Rob., 11 ; Wlll„ 97

30011100 XII. Apostolorum, preth.-
0116.,81001., 127 ·

300103, 3000103, (10111, 266 0., 272 n.

30010301010, Rob. 60, 66

300001, 30000111, 111111, 70.,-000 Bovar-
1ογ 01010010, 100600 1111000, and
Υο1160000; Phil.. 711.; will, 39 n.

301011091011, 147

3010113, 112

30110100, 42

3006, 11101. 10, 244; 111010, 244

3001010, 810 1, 291.

Boby, Rob. 60, 114

3001111-100 3101101111

30010011, 3111010011, Potor 60, 66, 66

Book, Tho, 104

3060100, 1010 60, 102

3061103100, 39 n.

- 3010160, 261

3001016, 301016, 311016, 106, 119

- 110160, 229

3011031010 (300100310οι, oo. 110111), 247

301, 300, 277; 10111110, 109

301600, Ηο30 60, 280 u.

Boloby, 212

30101, 16101, 67, 136

3013011οψ, 248 n.

30110 Aqua, 1600160, 230 0.; 101060,
99, 196 0.; 111060, 196 0.; 811 Tho.
60, 19611.; 23211.

3011000000, J. 60 72 0., 246

Benedictus, nepos Rob. 60 91111100, 186

- 1001111100, 277

Beneventanus, 1103, 66

300010300111, 3001031016, 242

- will. 60, 0016000 0111001110, 242

Bentley, 30001100(3.11.), 26, 29, 39

300100, 1100160, 266 n.

30101016, 26

- 301010111, 3011016, 1110. 60, 79, 140,
142, 143, 144, 164, 221 n„ 239, 276,
271-οα 8001110011 00000ος Rob. 60
1870.,2210.,22911., 23011, 242, 243,
281 ; will, 60, 79

Borowby, 8011060, 269

3010001101ρ,-100 3013110100

30100111, 30100911, 30111111 (3010101611
310101), 67, 140

 

